【净资产收益率(％)】	【主营利润增长率(％)】	【总资产增长率(％)】	【每股收益增长率(％)】	【存货周转率】
0.998817562	0.039279075	0.382814169	0.627879269	0.010625641
0.998551201	0.020272824	0.424817331	0.581009713	0
0.998452381	0.045678331	0.372430885	0.603061466	0.001517949
0.985056529	0.023459684	0.271460924	0.113700654	0.000410256
0.998715732	0.061441544	0.245096782	0.999916391	0.171569231
0.998240541	0.087181569	0.361449387	0.531652802	0.000738462
0.998371734	0.034465588	0.339101825	0.572307456	0.001805128
0.997593665	0.017887786	0.269751741	0	0
0.999523504	0.164294396	0.389009956	0.750073157	0.042912821
0.998316077	0.034915017	0.270990899	0.770592088	0.000246154
0.998108781	0.045228902	0.312694954	0.661071862	0.025641026
0.998560856	0.039914915	0.261718583	0.651101543	0.000492308
0.998472258	0.048768156	0.265735162	1	0.001928205
0.998412625	0.028490225	0.184848096	0.656438555	0.003692308
0	0.037729056	0.26987993	0.637961066	0.010830769
0.998416601	0.035941554	0.386574371	0.559027633	0.002584615
0.995638837	0	0.270093578	0.62266767	0.000697436
0.998295631	0.037892484	0.323975559	0.593265332	0.00545641
0.998431367	0.032665318	0.263128659	0.554094728	0.016574359
0.998209305	0.031669425	0.291971115	0.609555063	0.002789744
0.998371166	0.025589365	0.361406657	0.547120382	0.023466667
0.998429095	0.045032277	0.416271418	0.639556596	0.042502564
0.998421712	0.062866438	0.343972995	0.651603194	0.003651282
0.998454652	0.110362914	0.448660428	0.615658487	0.006235897
0.994823853	0.030576495	0.246635047	0.599222441	0.002420513
0.998294495	0.035926232	0.289022775	0.597146162	0.001517949
0.998806203	0.036472697	0.310943041	0.600532308	0.022974359
0.998393316	0.035890482	0.320471734	0.591962432	0.014851282
0.998291088	0.041842863	0.285048925	0.608718978	0.000328205
0.972211573	0.029754244	0.302738965	0.602733999	0.005251282
0.998258147	0.038495128	0.270008119	0.680364533	0.000615385
0.99895841	0.043586954	0.369867111	0.600915514	0.01854359
0.998171822	0.040698862	0.262915011	0.62971169	0.0256
0.999052687	0.035992625	0.324061018	0.647220713	0.001887179
0.998689607	0.092242753	0.364269538	0.780506668	0.024984615
0.998592092	0.062485955	0.580310217	0.770062567	0.010379487
0.998703407	0.050139425	0.27671666	0.610007943	0.017969231
0.998444373	0.021725807	0.304576336	0.676281649	0.008820513
0.998838576	0.062741313	0.475152758	0.631565013	0.012635897
0.998251332	0.03045903	0.436781609	0.533547929	0.001271795
0.998400131	0.03989704	0.312994061	0.579720747	0.001107692
0.998444941	0.038819432	0.303166261	0.599222441	0.007425641
0.99902429	0.038819432	0.303166261	0.599222441	0.004225641
0.998370598	0.038819432	0.303166261	0.599222441	0
0.998577326	0.038819432	0.303166261	0.599222441	0.005210256
0.998724762	0.038819432	0.303166261	0.599222441	0.005948718
0.998471123	0.038403199	0.7006794	0.585622117	0.009682051
0.998648886	0.038819432	0.303166261	0.599222441	0.009723077
0.998817562	0.039279075	0.382814169	0.627879269	0.010625641
0.998618785	0.038819432	0.303166261	0.599222441	0
0.999597903	0.038819432	0.303166261	0.599222441	0
0.998456072	0.04098997	0.346878605	0.605486114	0.005292308
0.998990214	0.038819432	0.303166261	0.599222441	0.006441026
0.999003276	0.038819432	0.303166261	0.599222441	0.005579487
0.998568239	0.038819432	0.303166261	0.599222441	0.002625641
0.99876304	0.038819432	0.303166261	0.599222441	0.029210256
0.998722149	0.038819432	0.303166261	0.599222441	0.070235897
0.999001573	0.038819432	0.303166261	0.599222441	0.076266667
0.998525644	0.038819432	0.303166261	0.599222441	0.010379487
0.998912407	0.038819432	0.303166261	0.599222441	0.030030769
0.998527291	0.038819432	0.303166261	0.599222441	0.057025641
0.999195806	0.063979796	0.408409178	0.64002341	0.015302564
0.998399563	0.045844314	0.489424433	0.565549099	0.014194872
0.998271778	0.038819432	0.303166261	0.599222441	0.004307692
0.998495544	0.038819432	0.303166261	0.599222441	0.03745641
0.998456356	0.038819432	0.303166261	0.599222441	0.013374359
0.998321188	0.038819432	0.303166261	0.599222441	0.008697436
0.998361511	0.038819432	0.303166261	0.599222441	0.003979487
0.998457492	0.038819432	0.303166261	0.599222441	0.007548718
0.998400131	0.038819432	0.303166261	0.599222441	0.00225641
0.998286544	0.038819432	0.303166261	0.599222441	0.003938462
0.998609698	0.041470041	0.464384908	0.58917548	0.032328205
0.998336522	0.038819432	0.303166261	0.599222441	0.045333333
0.998590957	0.040834202	0.464598556	0.563389212	0.012061538
0.998393316	0.038819432	0.303166261	0.599222441	0.006235897
0.998380253	0.038819432	0.303166261	0.599222441	0.086071795
0.998367191	0.038819432	0.303166261	0.599222441	0.00705641
0.998376846	0.038819432	0.303166261	0.599222441	0.004758974
0.998454085	0.038819432	0.303166261	0.599222441	0.006194872
0.998648886	0.047524565	0.917660129	0.587628722	0.008041026
0.998781782	0.038819432	0.303166261	0.599222441	0.009394872
0.998779511	0.048226798	1	0.59536948	0.065969231
0.99856256	0.038819432	0.303166261	0.599222441	0.006728205
0.998382525	0.038819432	0.303166261	0.599222441	0.003158974
0.99874657	0.043101775	0.797333675	0.599292114	0.009148718
0.99830131	0.038819432	0.303166261	0.599222441	0.005579487
0.998401835	0.038819432	0.303166261	0.599222441	0.036225641
0.998640935	0.038819432	0.303166261	0.599222441	0.001558974
0.998747138	0.038819432	0.303166261	0.599222441	0.013005128
0.999012363	0.038819432	0.303166261	0.599222441	0.019651282
1	0.038819432	0.303166261	0.599222441	0.003364103
0.998476234	0.038819432	0.303166261	0.599222441	0.004020513
0.997285277	0.010633082	0.01273341	0.451785739	0.001312821
0.998434207	0.035461482	0.286971756	0.568837702	0
0.99916048	0.039713183	0.313763193	0.650153979	0.020430769
0.99845522	0.075754326	0.462419348	0.763311177	0.021702564
0.998452381	0.045678331	0.372430885	0.603061466	0.001517949
0.985056529	0.023459684	0.271460924	0.113700654	0.000410256
0.998560856	0.039914915	0.261718583	0.651101543	0.000492308
0.998472258	0.048768156	0.265735162	1	0.001928205
0.998412625	0.028490225	0.184848096	0.656438555	0.003692308
0.998416601	0.035941554	0.386574371	0.559027633	0.002584615
0.995638837	0	0.270093578	0.62266767	0.000697436
0.998295631	0.037892484	0.323975559	0.593265332	0.00545641
0.998431367	0.032665318	0.263128659	0.554094728	0.016574359
0.998209305	0.031669425	0.291971115	0.609555063	0.002789744
0.998429095	0.045032277	0.416271418	0.639556596	0.042502564
0.998454652	0.110362914	0.448660428	0.615658487	0.006235897
0.994823853	0.030576495	0.246635047	0.599222441	0.002420513
0.998294495	0.035926232	0.289022775	0.597146162	0.001517949
0.998393316	0.035890482	0.320471734	0.591962432	0.014851282
0.998291088	0.041842863	0.285048925	0.608718978	0.000328205
0.972211573	0.029754244	0.302738965	0.602733999	0.005251282
0.998703407	0.050139425	0.27671666	0.610007943	0.017969231
0.998838576	0.062741313	0.475152758	0.631565013	0.012635897
0.998226343	0.003263468	0.218476264	0.429476192	0.001107692
0.998489864	0.045885171	0.413793103	0.629621114	0.009230769
0.99844443	0.040512451	0.305046362	0.609283335	0.060225641
0.998250196	0.791842863	0.301713456	0.646921115	0.004389744
0.99842512	0.034136177	0.386916207	0.586047127	0.009107692
0.998281433	0.031240424	0.353971713	0.554868108	0.002010256
0.996272083	0.013283692	0	0.605569723	0
0.998267802	0.044010848	0.348929624	0.541365328	0.012964103
0.998929104	0.038819432	0.303166261	0.599222441	0.007261538
0.999131629	0.040617148	0.784899372	0.568154899	0.013784615
0.99881529	0.038819432	0.303166261	0.599222441	0
0.998512014	1	0.276246635	0.939195686	0.0016
0.99854325	0.039429736	0.352433449	0.590436576	0.017682051
0.998437614	0.035826643	0.405845404	0.557090701	1
0.998283137	0.045443403	0.310473016	0.639472987	0.004348718
0.998690913	0.048911156	0.415673204	0.611115756	0.007876923
0.998032678	0.061952258	0.343716618	0.634170812	0.000164103
