【净资产收益率(％)】
0.77844997
0.799210125
0.798591788
0.555814858
0.827254685
0.778166731
0.798950822
0.33479939
0.812514336
0.783592137
0.803717999
0.818458347
0.7957993
0.791131855
0.783332835
0.790314055
0
0.781198576
0.782943881
0.779862171
0.79083266
0.793166382
0.791072016
0.797295276
0.523392075
0.782834176
0.805573009
0.77681038
0.787441782
0.789875236
0.782495088
0.790952338
0.77206315
0.935882476
0.820532767
0.7998883
0.818298776
0.780542341
0.82198885
0.779822278
0.796138388
0.794941607
0.796896349
0.789955021
0.78957604
0.794343217
0.798312539
0.785648605
0.77844997
0.785147952
0.803937408
0.791443018
0.796597154
0.797335168
0.787960387
0.798851091
0.791351265
0.790593304
0.787322104
0.805553062
0.788626594
0.807232544
0.796916295
0.79230869
0.798172915
0.795380427
0.78756146
0.791710299
0.793704934
0.796637046
0.791191694
0.786384625
0.788618616
0.783542271
0.793226221
0.798332486
0.787242318
0.793166382
0.793405739
0.784601422
0.791730246
0.788339367
0.790848617
0.795699568
0.786362684
0.79061325
0.783931225
0.789057435
0.789935075
0.79165046
0.787641245
0.793485524
0.598589793
0.794841875
0.783771654
0.791829977
0.798591788
1
0.818458347
0.7957993
0.791131855
0.790314055
0
0.781198576
0.782943881
0.779862171
0.793166382
0.797295276
0.523392075
0.782834176
0.77681038
0.787441782
0.789875236
0.818298776
0.82198885
0.783332835
0.794183646
0.795659675
0.783691869
0.79143105
0.79487379
0.448792748
0.77948319
0.812733746
0.796034667
0.811816214
0.808764424
0.796716832
0.782614766
0.779283727
0.794024075
0.804894833
