【每股收益(元)】	【每股净资产(元)】	【调整后净资产(元)】	【净资产收益率(％)】	【股东权益比率(％)】	【每股未分利润(元)】	【主营收入增长率(％)】	【主营利润增长率(％)】	【主营业务利润率(％)】	【总资产增长率(％)】	【股东权益增长率(％)】	【每股收益增长率(％)】	【流动比率】	【速动比率】	【应收帐款周转率】	【存货周转率】	【资产负债比(％)】
0.241	3.89	3.783	6.2	51.192	0.1169	30.21	4.48	23.31	17.14	1.46	-39.9	1.69	1.3	1.44	2.68	48.7
0.115	2.55	2.38	4.5	5.825	0.1146	85.64	-100	0	71.28	61.18	0.04	1.07	1.07	2.37	0	94.17
0.27	4.83	4.56	5.59	50.235	0.2414	69.67	67.25	21.08	20.22	7.55	48.76	2.02	0.54	9.45	0.52	48.79
-0.1	-1.729	-2.295	5.773	-22.452	-4.6264	-26.38	-30.92	20.67	-11.27	-1968.21	53.48	0.61	0.27	0.17	0.08	122.45
0.162	1.221	1.215	13.246	61.498	0.1397	-62.06	-30.79	60.85	-46.33	40.14	113.95	2.48	2.37	0.83	2.3	32.96
0.001	1.869	1.851	0.026	57.911	0.0846	-20.19	-16.54	62.55	-7.34	20.08	-91.99	1.81	1.59	0.12	0.1	41.44
0.203	4.631	4.21	4.384	30.039	0.484	2.27	48.55	19.96	4.88	7.96	80.93	1.33	0.63	2.15	0.36	66.15
-0.06	0.49	0.12	-11.65	7.283	-1.5072	-66.62	-60.74	32.29	-12.29	-73.08	71.7	0.7	0.53	0.1	0.04	86.64
-0.225	1.178	1.037	-19.065	31.705	0	-79.56	-90.89	17.45	-11.44	-22.38	-164.63	0.73	0.69	0.32	1.84	61.69
0.012	1.32	1.2	0.93	28.656	-1.0916	29.48	14.76	29.2	-2.6	0.38	-43.24	1.21	0.31	1.3	0.09	69
0.01	1.045	0.99	0.996	47.486	-0.1129	-1.39	-16.5	7.29	-2.21	28.82	163.72	1.52	1.16	3.56	3.96	48.49
0.022	0.509	0.01	4.26	9.849	-1.179	-4.2	24.38	33.5	14.12	55.15	10.99	0.94	0.29	0.7	0.1	88.88
0.117	2.71	2.68	4.31	67.956	0.0939	3.26	-2.69	37.28	-6.61	0.47	-1.26	1.06	0.53	3.9	0.62	30.78
0.086	1.883	1.794	4.543	21.24	-0.0732	19.51	30.26	18.38	5.68	4.07	41.72	1.23	1.14	0.65	2.81	72.86
0.35	2.14	1.82	16.55	27.675	-2.5044	495.57	619.47	18.09	123.41	100826.8	195.02	1.45	0.53	5.09	1.78	72.33
-0.317	5.686	5.351	-5.579	43.015	-0.2032	-12.63	-18.84	16.06	-10.73	-4.87	-241.69	1.48	0.53	8.62	0.59	53.77
-0.122	0.039	-2.51	-312.09	0.781	-3.5537	-13.2	72.35	-15.92	-3.4	-86.88	10.04	0.7	0.61	0.04	0.12	99.32
0.012	1.822	1.87	0.663	67.387	0.0306	-18.83	-29.82	9.21	19.73	1.35	-47.59	1.94	1.46	2.14	1.01	32.61
0.063	1.802	1.743	3.47	81.771	0.0091	-12.89	16.66	19.68	-5.92	13.18	-1.79	2.08	1.89	1.27	3.57	18.23
0.006	1.063	0.971	0.538	63.911	-0.5582	-26.61	-256.03	-5.02	-1.99	-2.56	-56.22	1.28	0.92	1.13	0.63	36.09
0.06	3.236	3.205	1.866	60.282	0.4911	-5.96	-25.73	8.57	1.81	4.36	-25.48	2.1	1.77	3.38	3.99	37.8
0.068	2.86	2.83	2.37	48.088	0	-3.37	-14.16	36.49	6.39	0.43	-34.47	0.65	0.61	2.69	8.88	43.93
0.009	1.942	1.62	0.484	30.39	-0.0076	-34.2	-57.66	11.61	10.33	0.94	-86.04	0.94	0.56	0.8	0.45	67.51
0.147	4.63	0	3.17	41.844	0.6647	6.95	-11.26	14.97	11.15	4.12	-19.06	1.39	0.6	4.73	0.93	52.25
-0.05	0.42	0.2	-12.42	12.418	-1.5797	-28.61	-10.31	25.44	-7.31	-33.31	86.16	0.49	0.39	0.54	0.55	86.89
0.067	2.42	2.32	2.76	79.269	0.139	-11.41	-18.51	37.52	-3.63	2.75	124.41	4.2	2.9	1.15	0.37	19.69
0.244	2.772	2.589	8.82	34.349	0.4047	77.04	120.41	35.23	54.28	51.36	17.6	0.62	0.56	4.1	6.82	42.65
0.182	1.305	1.13	13.95	31.981	0.1082	1448.03	1221.84	29.07	105.56	6.72	175.28	1.11	0.77	18.99	4.13	66.91
0.005	1.59	1.233	0.301	40.172	-0.3467	-14.2	-28.85	30.84	-6.56	4.51	-73.81	1.35	0.38	1.86	0.08	61.15
-0.052	0.261	-0.307	-19.786	5.185	-2.4365	-25.67	-22.44	13.51	-7.04	627.45	68.57	0.77	0.6	0.94	1.06	91.05
0.076	1.98	1.93	3.84	59.315	-0.5627	-18.26	4.18	58.67	-7.47	-5.53	481.78	1.25	0.55	3.76	0.11	38.19
0.278	2.03	1.79	13.7	29.704	0.0029	46.78	37.22	9.06	5.75	8.28	14.55	1.19	0.75	8.36	6.59	66.69
-0.005	1.452	1.41	-0.34	65.06	-0.3633	-3.45	-2.41	72	-8.25	-7.83	65.31	0.21	0.2	2.54	6.28	34.94
0.102	1.12	0.8	9.08	22.172	-1.0398	258.71	129.61	11.15	41.47	367.44	190.47	1.12	0.73	8.97	2.15	74.27
0.134	1.931	1.59	6.959	23.802	-0.0657	44.3	-2.48	11.8	36.15	-13.99	-27.15	1.04	0.84	7.31	5.71	75.86
0.14	2.53	2.42	5.57	36.37	0.4508	5.26	53.33	27.04	17.81	6.31	-39.21	1.39	0.81	6.59	1.47	52.27
0.18	1.78	1.69	9.94	68.435	0.1776	20.64	40.6	24.59	37.26	50.19	14.81	1.45	1.31	3.84	4.33	31.57
0.072	1.175	1.136	6.11	63.249	-0.6653	-44.08	-36.66	8.33	-8.88	0.11	56.97	1.67	1.27	1.02	1.44	24.62
0.996	6.98	6.78	14.26	30.848	1.8424	1.17	42.19	21.65	-2.74	24.84	64.27	1.7	1.14	2.68	2.16	61.5
-0.035	2.519	2.352	-1.388	49.765	0.0775	-20.96	-19.61	35.52	6.61	-1.67	-373.05	0.81	0.51	1.46	0.27	46.55
0.26	5.37	4.89	4.9	32.515	0.539	-13.45	22.57	29.78	17.39	10.95	73.98	1.25	0.48	2.17	0.2	63.77
0.309	4.656	4.655	6.628	84.323	0.8202	66.55	51.47	32.77	6.21	5.71	79.19	4.09	3.46	11.74	2.36	15.68
0.229	4.249	4.19	5.397	73.501	0.3877	149.88	100.19	27.94	101.42	373.27	22.2	3.18	2.6	6.36	2.46	23.57
0.033	3.322	3.297	0.994	71.286	0.052	-36.83	-44.72	8.52	-4.67	0.82	-60.87	3.54	2.57	1.05	0.36	28.71
0.052	3.408	3.299	1.53	46.726	0.2288	-23.1	-27.81	11.42	53.33	149.23	-56.06	1.63	1.1	1.51	0.76	52.89
0.015	2.736	2.56	0.548	57.692	-0.052	5.09	-28.85	24.76	68.21	160.32	-90	1.72	1.41	1.5	1.23	42.31
0.119	2.49	2.49	4.78	38.031	0.2514	-85.81	-79.25	16.69	-35.76	-6.96	-32.13	1.41	0.52	0.3	0.2	61.89
0.195	3.064	3.054	6.35	58.88	0.1526	11.16	-5.45	33.94	7.62	2.81	-45.61	1.46	0.92	4.98	2.52	39.63
0.241	3.89	3.783	6.2	51.192	0.1169	30.21	4.48	23.31	17.14	1.46	-39.9	1.69	1.3	1.44	2.68	48.7
0.51	7.46	7.46	6.81	64.458	0.2277	36.74	20.88	61.96	2.65	4.3	1.79	0.55	0.55	5.43	13.84301	28.5
0.41	4.92	4.71	8.25	75.174	0.4281	0	0	58.13	0	0	0	5.31	5.31	0	110.3	16.64
0.067	3.55	3.47	1.88	55.431	0.1321	72.54	47.18	16.17	44.29	94.38	-27.31	1.43	1.17	9.11	2.23	40.39
0.091	2.976	2.974	3.071	75.479	0.1967	-22.25	-31.71	41.56	195.28	213.8	-49.09	2.49	2.4	1.61	1.3	24.52
0.202	3.356	3.331	6.007	68.246	0.5071	0	0	55.52	0	0	0	3.75	3.32	1.64	1.38	31.52
0.083	4.389	4.367	1.897	75.825	0.231	2.35	7.74	31.2	116.38	270.14	-26.85	2.91	2.36	2.51	0.59	24.18
0.145	2.95	2.83	4.9	47.35	0.1722	-26.92	-14.96	18.79	-1.87	107.5	-19.79	1.37	1.23	4.87	5.65	48.56
0.075	3.18	3.143	2.352	85.927	0.0807	82.91	50.9	41.02	335.48	293.27	-34.36	4.6	4.59	4.64	35.82	14.07
0.087	3.472	3.413	2.509	52.921	0.3047	0	0	16.63	0	0	0	0.84	0.7	0	7.39	47.02
0.071	2.84	2.745	2.51	53.458	0.1553	0	0	17.61	0	0	0	1.85	1.52	0	1.19	46.08
0.27	3.24	3.2	8.33	61.361	0.5102	0	0	11.08	0	0	0	2.02	1.6	0	4.61	38.64
0.067	3.028	3.002	2.205	65.94	0.1772	32.71	24.15	52.9	148.46	162.53	-24.16	1.83	1.82	1.54	18.51	31.77
0.501	2.95	2.95	16.97	67.322	0.4965	15.2	3.56	24.04	8.17	18.47	-2.16	3.96	2.11	6.19	2.42	32.68
0.086	2.616	0	3.3	38.108	0.0989	18.49	9.53	14.86	25.66	1.85	7.55	1.44	1.09	5.39	3.36	59.34
0.032	2.697	2.495	1.17	52.108	0.1823	45.99	61.35	13.7	14.34	8.12	46.78	1.18	1.1	0.85	1.94	47.89
0.06	2.19	2.158	2.72	38.751	0.084	33.62	-33.02	13.81	-0.8	-3.61	-54.49	0.73	0.71	2.4	19.37	54.78
0.129	3.343	3.29	3.871	91.381	0.2429	-0.52	-9.39	40.91	3.57	7.02	0.73	11.68	10.91	0.65	2.7	5.09
0.066	2.82	2.72	2.35	63.605	0.0726	17.11	14.76	18.55	-4.63	-0.1	35.65	1.73	1.55	1.01	2.44	36.4
0.173	4.368	4.34	3.956	86.248	0.1625	104.89	33.13	22.52	6.27	3.63	5.13	6.87	6.23	7.92	2.1	12.75
0.16	2.362	2.29	6.775	64.296	0.2213	15.85	3.25	26.5	7.8	5.42	-4.01	2.86	2.32	6.21	2.01	25.51
0.045	2.254	2.219	2.008	42.025	0.0686	0	-25.21	26.77	19.7	-2	-36.91	1.71	1.29	2.25	0.55	57.98
0.037	3.22	3.025	1.163	31.671	0.0615	46.11	23.08	17.55	26.66	2.98	7.2	1.1	0.81	1.94	0.9	65.05
0.267	3.184	3.131	8.38	55.293	0.2016	12.64	23.69	12.94	2.95	7.04	31.72	0.96	0.71	5.5	7.24	42.6
0.08	3.843	3.813	2.078	86.771	0.0935	44.57	3.71	46.4	4.86	2.83	4.94	7.23	7.11	2.17	6.96	12.93
0.14	2.56	2.55	5.35	54.77	0.1655	20.41	-22.75	10.01	17.9	-8.52	-24.48	1.26	0.87	6.09	3.33	45.23
0.147	3.798	3.747	3.878	69.686	0.3658	62.08	57.16	29.4	27.66	9.96	41.98	4.44	3.51	5.55	1.92	17.98
0.102	2.097	2.062	4.842	81.818	0.0815	48.06	71.34	42.76	4.11	3.41	20.29	5.24	5.21	2.79	24.44	14.53
0.172	5.032	5.032	3.421	69.844	0.2148	92.8	11.71	24.6	23.07	2.3	37.63	1.63	1.36	5.4	2.35	29.55
0.081	3.448	3.438	2.35	67.986	0.3151	-12.51	-10.24	23.77	12.61	4.87	-8.88	2.82	2.34	1.69	0.99	32.01
0.133	4.155	4.15	3.21	58.853	0.2973	-23.31	-21.01	12.17	34.14	-0.41	-21.5	2.87	2.6	12.72	1.66	40.71
0.31	4.793	4.74	6.48	33.589	0.5114	16.33	17.23	17.12	64.09	3.82	-10.31	1.26	0.69	2.57	1.22	63.38
0.128	3.487	3.484	3.659	69.989	0.2314	93.1	34.28	36.22	132.88	225.65	-22.08	2.91	2.68	3.54	4.04	30.01
0.193	3.364	3.347	5.728	80	0.0425	-5.18	-20.2	13.9	1.71	1.92	-40.45	2.13	1.2	29.54	6.64	17
0.088	2.529	2.495	3.468	64.931	0.2173	12.04	18.37	19.79	25.28	70.99	-25.67	1.52	0.81	105.88	1.82	34.98
0.208	5.026	4.97	4.129	73.054	0.3193	176.62	139.38	41.99	32.95	2.44	50.32	3.66	3.06	5.87	1.17	21.99
0.407	3.9	3.75	10.44	57.549	0.0369	55.69	56.66	34.49	7.44	1.16	14.55	1.53	1.02	11.84	2.92	37.58
0.085	3.62	3.57	2.333	77.222	0.1374	107.15	110.11	29.16	11.95	5.65	18.85	3.95	3.39	4	2.07	16.86
0.08	4.86	4.76	1.72	70.773	0.0685	72.09	74.55	54.23	212.04	348.58	63.46	2.94	2.92	12.58	11.89	28.05
0.09	3.39	3.36	2.6	69.844	0.1522	-12.76	3.52	43.36	107.12	197.23	-23.8	2.54	2.03	0.92	0.36	29.43
0.068	3.62	3.61	1.89	79.501	0.1464	-17.42	-32.42	16.77	139.79	220.09	-54.38	4.62	4.35	10.49	2.93	16.79
0.18	5.17	5.15	3.43	82.278	0.2193	32.48	24.88	17.46	177.23	432.06	2.96	5.09	4.41	5.93	2.76	16.7
0.28	7.683	7.682	3.65	83.863	0.2807	0	0	19.32	0	0	0	6.07	5.51	0	1.06	14.71
0.142	3.524	3.25	4.039	43.865	0.1696	10.49	12.21	43.73	24.22	-1.55	-10.8	1.81	1.63	1.35	1.12	49.48
-0.064	0.033	-0.04	-194.83	3.975	-1.2243	-67.1	100.44	0.46	-19.99	-89.23	-27.12	0.41	0.3	0.06	0.16	96.03
0.07	2.12	2.11	3.27	61.482	0.0628	-5.63	-27.45	29.07	-0.72	-1.95	-13.74	0.84	0.84	3	0	37.83
0.232	2.604	2.588	8.9	67.959	0.1537	30.34	29.37	9.87	43.94	141.35	-12.69	1.41	1.1	13.17	6.97	32.04
0.067	2.481	2.481	2.68	71.487	0.3073	9.71	1.03	10	13.36	29.31	-27.86	1.85	1.56	80.81	5.09	2140000
0.27	4.83	4.56	5.59	50.235	0.2414	69.67	67.25	21.08	20.22	7.55	48.76	2.02	0.54	9.45	0.52	48.79
-0.1	-1.729	-2.295	5.773	-22.452	-4.6264	-26.38	-30.92	20.67	-11.27	-1968.21	53.48	0.61	0.27	0.17	0.08	122.45
0.022	0.509	0.01	4.26	9.849	-1.179	-4.2	24.38	33.5	14.12	55.15	10.99	0.94	0.29	0.7	0.1	88.88
0.117	2.71	2.68	4.31	67.956	0.0939	3.26	-2.69	37.28	-6.61	0.47	-1.26	1.06	0.53	3.9	0.62	30.78
0.086	1.883	1.794	4.543	21.24	-0.0732	19.51	30.26	18.38	5.68	4.07	41.72	1.23	1.14	0.65	2.81	72.86
-0.317	5.686	5.351	-5.579	43.015	-0.2032	-12.63	-18.84	16.06	-10.73	-4.87	-241.69	1.48	0.53	8.62	0.59	53.77
-0.122	0.039	-2.51	-312.09	0.781	-3.5537	-13.2	72.35	-15.92	-3.4	-86.88	10.04	0.7	0.61	0.04	0.12	99.32
0.012	1.822	1.87	0.663	67.387	0.0306	-18.83	-29.82	9.21	19.73	1.35	-47.59	1.94	1.46	2.14	1.01	32.61
0.063	1.802	1.743	3.47	81.771	0.0091	-12.89	16.66	19.68	-5.92	13.18	-1.79	2.08	1.89	1.27	3.57	18.23
0.006	1.063	0.971	0.538	63.911	-0.5582	-26.61	-256.03	-5.02	-1.99	-2.56	-56.22	1.28	0.92	1.13	0.63	36.09
0.068	2.86	2.83	2.37	48.088	0	-3.37	-14.16	36.49	6.39	0.43	-34.47	0.65	0.61	2.69	8.88	43.93
0.147	4.63	0	3.17	41.844	0.6647	6.95	-11.26	14.97	11.15	4.12	-19.06	1.39	0.6	4.73	0.93	52.25
-0.05	0.42	0.2	-12.42	12.418	-1.5797	-28.61	-10.31	25.44	-7.31	-33.31	86.16	0.49	0.39	0.54	0.55	86.89
0.067	2.42	2.32	2.76	79.269	0.139	-11.41	-18.51	37.52	-3.63	2.75	124.41	4.2	2.9	1.15	0.37	2140000
0.182	1.305	1.13	13.95	31.981	0.1082	1448.03	1221.84	29.07	105.56	6.72	175.28	1.11	0.77	18.99	4.13	66.91
0.005	1.59	1.233	0.301	40.172	-0.3467	-14.2	-28.85	30.84	-6.56	4.51	-73.81	1.35	0.38	1.86	0.08	61.15
-0.052	0.261	-0.307	-19.786	5.185	-2.4365	-25.67	-22.44	13.51	-7.04	627.45	68.57	0.77	0.6	0.94	1.06	91.05
0.18	1.78	1.69	9.94	68.435	0.1776	20.64	40.6	24.59	37.26	50.19	14.81	1.45	1.31	3.84	4.33	31.57
0.996	6.98	6.78	14.26	30.848	1.8424	1.17	42.19	21.65	-2.74	24.84	64.27	1.7	1.14	2.68	2.16	2140000
0.105	2.14	2.07	4.91	46.44	-0.0501	610.11	5920.87	43.58	12.67	-0.71	892.11	0.91	0.82	0.42	2.33	52.08
0.093	1.797	1.707	5.185	40.139	-0.3446	16.83	-1.56	25.84	3.65	5.94	16.86	0.91	0.78	5.36	2.41	53.15
0.146	2.335	2.286	6.242	89.159	0.1457	8.34	12.06	57.1	4.75	4.34	65.58	3.5	3.47	5.02	16.35	10.84
-0.116	0.904	0.36	-12.828	23.831	-1.4635	-35.07	-184.01	-7.54	3.84	-11.93	-2468.17	0.95	0.65	2.26	0.93	76.12
0.13	3.58	3.56	3.54	76.503	0.8941	0.9	29.44	33.51	20.57	3.39	2.78	2.93	2.58	2.54	1.6	22.59
0.022	1.727	1.596	1.254	30.435	0.0617	-25.86	13.77	25.18	0.32	-9.75	9.96	1	0.49	3.35	0.31	67.04
-0.115	-0.289	-0.508	39.793	-42.45	-1.0774	0	0	0	-29.32	-252.41	-76.55	0.65	0.65	0	0	142.45
0.033	2.342	2.118	1.4	42.401	0.1515	-26.39	-44.18	14.12	2.88	-2.31	59.79	1.35	1.16	1.05	2.34	44.2
0.09	1.42	1.23	6.1	28.496	0.1929	51.11	39.28	22.47	169.65	87.42	-40.24	0.85	0.64	9.66	2.58	71.5
0.31	2.06	2.04	15	37.66	0.2261	2.21	10.73	38.46	26.06	14.13	1.42	0.55	0.3	3.41	2.34	50.63
0.076	2.13	2.13	3.581	49.371	0.4099	0	0	24.82	0	0	0	1.52	1.33	0	1.17	50.38
0.136	1.457	1.453	9.31	35.413	-1.0089	110.02	96.64	41.04	-21.5	22.02	123.18	0.48	0.46	0.28	0.81	58.87
0.242	5.708	5.598	4.24	61.547	0.2467	-23.34	-26	26.18	-2.83	2.63	-22.87	1.96	1.65	2.15	2.78	35.7
0.13	2.65	2.63	4.77	57.683	0.1892	149.06	144.02	60.19	52.34	1.67	-16.58	1.45	1.45	2.91	9.0704	31.83
0.033	2.026	1.986	1.633	40.964	0.0738	64.6	49.59	26.23	26.28	-10.98	37.28	1.44	1.14	2.12	1.51	56.85
0.226	6.88	6.77	3.28	48.719	0.9341	2.4	-20.12	21.74	78.91	111.61	-28.73	2.55	2.17	4.16	1.95	39.1
0.018	1.17	1.1	1.56	57.398	-0.8084	172.32	2511.99	41.3	-12.15	16.28	154.12	1.34	0.49	0.29	0.06	42.55
