【净资产收益率(％)】
0.90453 
0.89970 
0.90280 
0.90332 
0.92456 
0.88699 
0.89937 
0.85381 
0.83273 
0.88956 
0.88974 
0.89902 
0.89916 
0.89982 
0.93395 
0.87106 
0.00000 
0.88880 
0.89678 
0.88844 
0.89222 
0.89365 
0.88829 
0.89592 
0.85162 
0.89476 
0.91198 
0.92656 
0.88777 
0.83069 
0.89783 
0.92585 
0.88595 
0.91272 
0.90669 
0.90274 
0.91516 
0.90428 
0.92744 
0.88297 
0.90084 
0.90575 
0.90225 
0.88974 
0.89126 
0.88847 
0.90050 
0.90496 
0.90453 
0.90627 
0.91036 
0.89226 
0.89564 
0.90399 
0.89231 
0.90084 
0.89360 
0.89404 
0.89405 
0.91059 
0.89318 
0.93514 
0.89629 
0.89024 
0.89464 
0.89791 
0.89359 
0.89816 
0.90617 
0.89262 
0.89022 
0.91073 
0.89282 
0.90212 
0.89793 
0.90067 
0.89664 
0.89359 
0.89604 
0.90533 
0.89731 
0.90319 
0.89677 
0.89865 
0.91658 
0.89354 
0.89180 
0.89430 
0.89229 
0.89666 
0.89729 
0.89839 
0.33324 
0.89621 
0.91221 
0.89453 
0.90280 
0.90332 
0.89902 
0.89916 
0.89982 
0.87106 
0.00000 
0.88880 
0.89678 
0.88844 
0.89365 
0.89592 
0.85162 
0.89476 
0.92656 
0.88777 
0.83069 
0.91516 
0.92744 
0.90087 
0.90165 
0.90465 
0.85046 
0.89697 
0.89048 
1.00000 
0.89089 
0.90425 
0.92954 
0.89709 
0.91337 
0.89896 
0.90047 
0.89155 
0.89624 
0.89135 