【每股收益(元)】	【每股净资产(元)】	【调整后净资产(元)】	【股东权益比率(％)】	【每股未分利润(元)】	【主营收入增长率(％)】	【主营业务利润率(％)】	【股东权益增长率(％)】	【流动比率】	【速动比率】	【应收帐款周转率】	【资产负债比(％)】
0.42498096	0.597003825	0.617445055	0.606342692	0.7332581	0.446201092	0.166234515	0.75883205	0.263814617	0.207156309	0.104515324	0.013600302
0.329017517	0.454632384	0.479788069	0.728338438	0.732902548	0.181073703	0.308032791	0.781839686	0.153297683	0.163841808	0.054048934	0.022383831
0.447067784	0.696876328	0.693681319	0.620781219	0.752504328	0.420837125	0.174301354	0.761178275	0.322638146	0.064030132	0.104322526	0.089251983
0.165270373	0	0.021094976	0.301715424	0	0.416173794	0.091825777	0	0.071301248	0.013182674	0.041565707	0.001605591
0.364813404	0.313429664	0.365482732	0.450853186	0.736782711	0.873180164	0	0.773733848	0.404634581	0.4086629	0.1544276	0.007839063
0.24219345	0.382277943	0.427884615	0.504971259	0.728264902	0.892515924	0.102118855	0.766005563	0.285204991	0.261770245	0.122826099	0.001133359
0.396039604	0.675733107	0.659340659	0.925483925	0.79000742	0.408098271	0.134124303	0.76133623	0.199643494	0.080979284	0.076944139	0.020306007
0.195734958	0.235762856	0.258045526	0.750335692	0.482191442	0.548339399	0.089154291	0.730114884	0.087344029	0.062146893	0.058746607	9.44E-04
0.070068545	0.308861028	0.348018053	0.900348516	0.715186743	0.379549591	0.09138053	0.749647489	0.092691622	0.092278719	0.082507139	0.003022289
0.250571211	0.323948151	0.364010989	0.946349633	0.546438288	0.513193813	0.114533407	0.758415971	0.178253119	0.020715631	0.073765913	0.012278051
0.249047982	0.294730132	0.343406593	0.662256152	0.697733737	0.263989991	0.115554857	0.769372722	0.233511586	0.18079096	0.104967968	0.033622969
0.258187357	0.237781555	0.247252747	0.789049652	0.532927282	0.562101911	0.158324821	0.779516578	0.130124777	0.016949153	0.057265985	0.006611258
0.330540746	0.471631959	0.50922292	0.353419532	0.729702572	0.605095541	0.104030801	0.758450645	0.151515152	0.062146893	0.165365136	0.036834152
0.306930693	0.383765406	0.422291994	0.960908858	0.703870888	0.390127389	0.136219586	0.759837575	0.181818182	0.177024482	0.069857793	0.006139025
0.507996954	0.411070973	0.424843014	0.961150254	0.328036112	0.386828935	0.444566669	0	0.221033868	0.062146893	0.070369695	0.048073291
0	0.787824054	0.771291209	0.72971138	0.683774425	0.363739763	0.093240093	0.756393364	0.226381462	0.062146893	0.094660298	0.08141292
0.148514851	0.187845304	0	0.652238198	0.165826738	0	0.112438124	0.724798317	0.087344029	0.077212806	0.051246233	3.78E-04
0.250571211	0.377284318	0.429748823	0.362004194	0.719917141	0.285828025	0.173017993	0.758789672	0.308377897	0.237288136	0.156085083	0.02021156
0.289413557	0.375159371	0.417288069	0.14498876	0.716593495	0.404913558	0.105837982	0.76334728	0.333333333	0.31826742	0.279208379	0.011994711
0.246001523	0.296642584	0.341542386	0.414447579	0.628895622	0.123976342	0.11613106	0.757283311	0.190730838	0.13559322	0.141034255	0.010672459
0.287128713	0.527518062	0.560733909	0.469199318	0.791104996	0.278548681	0.126083654	0.7599493	0.336898396	0.29566855	0.134654026	0.031922932
0.29322163	0.487569061	0.523940345	0.653173609	0.715186743	0.5961101	0.138079149	0.758435234	0.078431373	0.077212806	0.115864048	0.02540612
0.248286367	0.390033999	0.40521978	0.920188289	0.714011872	0.313125569	0.148398418	0.758631716	0.130124777	0.06779661	0.075394038	0.007555723
0.353389185	0.675626859	0.246271586	0.747378585	0.817941504	0.351342129	0.150546083	0.759856838	0.210338681	0.075329567	0.097414121	0.044673215
0.203351104	0.228325542	0.265894819	0.827808874	0.470983799	0.470427662	0.102197428	0.745436613	0.049910873	0.035781544	0.058577574	0.005100113
0.292460015	0.440820229	0.473901099	0.182737134	0.736674499	0.607825296	0.11183573	0.759329034	0.711229947	0.508474576	0.258505093	0.010861352
0.427265804	0.478219295	0.500294349	0.860457748	0.777748578	0.58177889	0.263508028	0.778056448	0.073083779	0.06779661	0.119341399	0.038723083
0.380045697	0.322354441	0.357142857	0.896184427	0.731913183	0.511715196	0.397815667	0.76085851	0.160427807	0.107344633	0.076070138	0.179353986
0.245239909	0.352634934	0.367248823	0.772604517	0.661591022	0.531847134	0.104161756	0.760007089	0.203208556	0.033898305	0.083235759	0.017567057
0.201827875	0.211432214	0.216149922	0.718682579	0.338532649	0.334736124	0.102904586	1	0.099821747	0.075329567	0.055901104	0.008877975
0.299314547	0.394071398	0.435635793	0.483788718	0.628199975	0.848384895	0.101778371	0.756139094	0.185383244	0.065913371	0.133278902	0.0355119
0.453160701	0.399383765	0.421899529	0.930538163	0.715635048	0.284121929	0.136402923	0.761459513	0.174688057	0.103578154	0.07632109	0.07895731
0.237623762	0.337972801	0.384615385	0.397112295	0.659024858	1	0.099735471	0.755252999	0	0	0.145676274	0.023989422
0.319116527	0.302698683	0.324764521	0.974970203	0.554445956	0.30789354	0.229957309	0.899828945	0.162210339	0.099811676	0.068531513	0.084718549
0.343488195	0.388865278	0.402276295	0.999562469	0.705030299	0.315286624	0.216023677	0.752879807	0.147950089	0.120527307	0.067095066	0.069040423
0.348057883	0.452507437	0.483712716	0.829966355	0.784875093	0.488626024	0.167989314	0.760700554	0.210338681	0.114877589	0.097376847	0.062240272
0.378522468	0.372821929	0.412087912	0.346192725	0.742641603	0.460759782	0.218930882	0.777605696	0.221033868	0.209039548	0.16122702	0.036267473
0.296268088	0.308542286	0.357731554	0.424435359	0.612339228	0.275818926	0.098085435	0.758311951	0.260249554	0.201506591	0.206740599	0.009633547
1	0.925308117	0.911499215	0.913278315	1	0.427320291	0.114166732	0.767839393	0.265597148	0.177024482	0.082762046	0.025311674
0.214775324	0.451338717	0.477040816	0.627872241	0.727167326	0.585077343	0.138655352	0.757626191	0.106951872	0.058380414	0.109342672	0.013789195
0.439451637	0.754249894	0.726059655	0.888127819	0.79850977	0.519790719	0.16688929	0.762488153	0.185383244	0.052730697	0.079815908	0.0204949
0.476770754	0.67838929	0.703002355	0.106486022	0.841979965	0.553798908	0.137607711	0.760469399	0.691622103	0.61393597	0.324615741	0.110880242
0.415841584	0.635146621	0.657378336	0.269760565	0.775120579	0.498862602	0.386972578	0.902075002	0.529411765	0.451977401	0.215950617	0.060068002
0.266565118	0.536655334	0.569760597	0.30317889	0.723225328	0.277979982	0.109111862	0.758585485	0.593582888	0.446327684	0.177288186	0.009916887
0.281035796	0.545792605	0.569956829	0.673722485	0.750556517	0.310964513	0.261019879	0.815761695	0.25311943	0.169491525	0.096235324	0.014261428
0.252856055	0.47439439	0.49744898	0.508275373	0.707148157	0.462693358	0.299992143	0.820034211	0.26916221	0.22787194	0.120300437	0.014166981
0.332063976	0.448257544	0.490580848	0.804906383	0.75405021	0.370905369	0.027683927	0.755588174	0.213903743	0.060263653	0.082240506	0.002833396
0.389946687	0.509243519	0.545918367	0.490351684	0.738776898	0.56710646	0.141300647	0.759352149	0.222816399	0.13559322	0.128435979	0.047034379
0.42498096	0.597003825	0.617445055	0.606342692	0.7332581	0.446201092	0.166234515	0.75883205	0.263814617	0.207156309	0.104515324	0.013600302
0.629855293	0.976306842	0.97821821	0.406194837	0.75038647	0.885805278	0.128283701	0.759926184	0.060606061	0.065913371	0.178594538	0.051284473
0.553693831	0.706438589	0.708398744	0.244519546	0.781365941	0.842242948	0.121343076	0.758269573	0.909090909	0.962335217	0.305887772	0
0.292460015	0.560879728	0.586734694	0.542387713	0.735607841	0.364990901	0.237343181	0.794630267	0.217468806	0.1826742	0.126019214	0.086040801
0.310738766	0.499893753	0.538069074	0.239917925	0.745594237	0.65377616	0.632801655	0.840637834	0.406417112	0.414312618	0.20758376	0.015205893
0.395277989	0.540267743	0.573096546	0.349044221	0.793578407	0.81255687	0.121343076	0.758269573	0.631016043	0.587570621	0.161482777	0.015489233
0.304645849	0.650021249	0.674744898	0.234697726	0.750896611	0.535941765	0.42615437	0.862343296	0.481283422	0.406779661	0.210502671	0.023706082
0.351865956	0.497131322	0.523940345	0.664308022	0.741806827	0.394790719	0.116445352	0.799684859	0.206773619	0.193973635	0.104816652	0.045995467
0.298552932	0.521568211	0.554650706	0.082286025	0.727662008	0.647634213	1	0.871254325	0.782531194	0.826741996	0.361761097	0.043823196
0.307692308	0.552592435	0.581142072	0.580256786	0.76228976	0.37022293	0.121343076	0.758269573	0.112299465	0.094161959	0.108249687	0
0.295506474	0.485444114	0.515600471	0.572154916	0.739194286	0.381369427	0.121343076	0.758269573	0.292335116	0.248587571	0.110457954	0
0.447067784	0.527943051	0.560243328	0.452920143	0.79405763	0.307097361	0.121343076	0.758269573	0.322638146	0.263653484	0.131726713	0
0.292460015	0.505418615	0.540816327	0.383835488	0.742579767	0.782757052	0.510175218	0.820885632	0.288770053	0.305084746	0.160212041	0.014544768
0.623000762	0.497131322	0.535714286	0.362984867	0.791939772	0.454504095	0.142741154	0.765385297	0.668449198	0.359698682	0.155750746	0.05846241
0.306930693	0.461644709	0.246271586	0.803744663	0.730475513	0.350090992	0.188549278	0.758982301	0.219251337	0.167608286	0.085774705	0.050906687
0.265803503	0.470250744	0.491071429	0.592522744	0.743368167	0.336897179	0.158901024	0.761397872	0.172905526	0.169491525	0.106283111	0.008027956
0.287128713	0.41638334	0.458006279	0.794043542	0.728172149	0.338148317	0.119247793	0.75687879	0.092691622	0.096045198	0.092914966	0.02266717
0.339680122	0.538886528	0.569073783	0	0.752736211	0.646383076	0.130693277	0.760974088	0	0	1	0.006139025
0.291698401	0.483319167	0.513147567	0.419064287	0.726409844	0.392060965	0.109216626	0.758231047	0.270944742	0.254237288	0.139833119	0.009539101
0.373191165	0.647790055	0.672095761	0.077443008	0.740307321	0.437215651	0.137764857	0.759668061	0.857397504	0.881355932	0.399214257	0.074801662
0.363290175	0.434657884	0.470957614	0.408638976	0.749397106	0.482484076	0.141772086	0.760357674	0.472370766	0.399246704	0.199527692	0.058651303
0.275704494	0.42318317	0.463991366	0.744647787	0.725791491	0.48555505	0.17293942	0.757499056	0.267379679	0.20527307	0.087786723	0.021250472
0.269611577	0.525818105	0.543072998	0.900861484	0.724693915	0.380686988	0.191168382	0.759417643	0.158645276	0.114877589	0.07824531	0.018322629
0.44478294	0.5219932	0.553473312	0.544469758	0.746351719	0.328252957	0.129069432	0.760981793	0.13368984	0.096045198	0.119481474	0.051945599
0.302361005	0.5920102	0.62038854	0.06955236	0.729640737	0.708826206	0.134071921	0.759359855	0.793226381	0.715630885	0.393656717	0.0204949
0.348057883	0.455694858	0.496467818	0.552360405	0.740771086	0.294927207	0.168225033	0.754987171	0.187165775	0.126177024	0.112533817	0.057517945
0.353389185	0.587229069	0.613912873	0.327318538	0.771735098	0.515468608	0.193787486	0.762106747	0.754010695	0.623352166	0.28309062	0.052417832
0.319116527	0.406502337	0.448587127	0.144279658	0.727785679	0.667424932	0.132107593	0.759583304	0.896613191	0.943502825	0.350308159	0.026350586
0.372429551	0.718338292	0.739992151	0.324934748	0.748392283	0.460873521	0.1817658	0.759155668	0.25311943	0.218455744	0.172248454	0.051001133
0.30312262	0.550042499	0.583594976	0.352966914	0.763897477	0.451433121	0.154369975	0.760145782	0.465240642	0.403013183	0.159010808	0.015961466
0.34272658	0.625159371	0.653453689	0.490759041	0.761145808	0.319494995	0.210759278	0.758111617	0.474153298	0.451977401	0.125028624	0.120136003
0.477532369	0.692945176	0.711342229	0.871924081	0.794243136	0.375796178	0.289201435	0.75974126	0.187165775	0.092278719	0.080307058	0.024272762
0.338918507	0.554186145	0.58810832	0.322747092	0.750958447	0.593039126	0.469369582	0.845203147	0.481283422	0.467043315	0.169608155	0.033434076
0.388423458	0.541117722	0.574666405	0.171708333	0.72175674	0.339171975	0.125821744	0.759009269	0.342245989	0.188323917	0.299410098	0.278995089
0.308453922	0.45240119	0.491071429	0.399058554	0.748778753	0.406164695	0.187554019	0.785619072	0.233511586	0.114877589	0.145509689	1
0.399847677	0.717700807	0.733908948	0.276504579	0.764546747	0.65866697	0.207642545	0.759209604	0.614973262	0.538606403	0.231467022	0.055440121
0.551408987	0.598066298	0.614207221	0.510432854	0.720891046	0.573362147	0.140829208	0.758716473	0.235294118	0.154425612	0.135442329	0.111824707
0.306169078	0.568317042	0.596546311	0.213620796	0.736427158	0.512738854	0.152641366	0.760446283	0.666666667	0.600753296	0.301896323	0.037778617
0.302361005	0.700063748	0.713304553	0.310918664	0.725776033	0.79788444	0.676697834	0.89256297	0.486631016	0.512241055	0.181459729	0.118813751
0.309977152	0.543880153	0.575941915	0.324934748	0.738715063	0.674249318	0.401901469	0.834254101	0.415329768	0.344632768	0.172950802	0.008689082
0.29322163	0.568317042	0.600470958	0.179236885	0.737818452	0.371815287	0.487467589	0.84306111	0.786096257	0.781544256	0.303154983	0.099074424
0.378522468	0.733000425	0.751569859	0.137339509	0.74908793	0.37966333	0.585526833	0.924724348	0.869875223	0.792843691	0.304788766	0.0560068
0.45468393	1	1	0.11342617	0.758579644	0.400818926	0.121343076	0.758269573	1	1	0.346021558	0
0.349581112	0.558117297	0.565149137	0.716887192	0.741404897	0.678457689	0.184777769	0.757672422	0.285204991	0.269303202	0.102867713	0.012750283
0.1926885	0.18720782	0.242346939	0.70042697	0.525924437	0.186305732	0.068987193	0.72389296	0.035650624	0.018832392	0.053002017	5.67E-04
0.294744859	0.408946026	0.453296703	0.451094582	0.72489488	0.511715196	0.119457322	0.757518319	0.112299465	0.120527307	0.134547241	0.028333963
0.418126428	0.460369741	0.500196232	0.35337427	0.738946945	0.29333485	0.236426495	0.812725858	0.213903743	0.169491525	0.158861919	0.124386097
0.292460015	0.447301317	0.489697802	0.300146347	0.762691689	0.294813467	0.156334302	0.769561499	0.292335116	0.256120527	0	0.763222516
0.447067784	0.696876328	0.693681319	0.620781219	0.752504328	0.420837125	0.174301354	0.761178275	0.322638146	0.064030132	0.104322526	0.089251983
0.165270373	0	0.021094976	0.301715424	0	0.416173794	0.091825777	0	0.071301248	0.013182674	0.041565707	0.001605591
0.258187357	0.237781555	0.247252747	0.789049652	0.532927282	0.562101911	0.158324821	0.779516578	0.130124777	0.016949153	0.057265985	0.006611258
0.330540746	0.471631959	0.50922292	0.353419532	0.729702572	0.605095541	0.104030801	0.758450645	0.151515152	0.062146893	0.165365136	0.036834152
0.306930693	0.383765406	0.422291994	0.960908858	0.703870888	0.390127389	0.136219586	0.759837575	0.181818182	0.177024482	0.069857793	0.006139025
0	0.787824054	0.771291209	0.72971138	0.683774425	0.363739763	0.093240093	0.756393364	0.226381462	0.062146893	0.094660298	0.08141292
0.148514851	0.187845304	0	0.652238198	0.165826738	0	0.112438124	0.724798317	0.087344029	0.077212806	0.051246233	3.78E-04
0.250571211	0.377284318	0.429748823	0.362004194	0.719917141	0.285828025	0.173017993	0.758789672	0.308377897	0.237288136	0.156085083	0.02021156
0.289413557	0.375159371	0.417288069	0.14498876	0.716593495	0.404913558	0.105837982	0.76334728	0.333333333	0.31826742	0.279208379	0.011994711
0.246001523	0.296642584	0.341542386	0.414447579	0.628895622	0.123976342	0.11613106	0.757283311	0.190730838	0.13559322	0.141034255	0.010672459
0.29322163	0.487569061	0.523940345	0.653173609	0.715186743	0.5961101	0.138079149	0.758435234	0.078431373	0.077212806	0.115864048	0.02540612
0.353389185	0.675626859	0.246271586	0.747378585	0.817941504	0.351342129	0.150546083	0.759856838	0.210338681	0.075329567	0.097414121	0.044673215
0.203351104	0.228325542	0.265894819	0.827808874	0.470983799	0.470427662	0.102197428	0.745436613	0.049910873	0.035781544	0.058577574	0.005100113
0.292460015	0.440820229	0.473901099	0.182737134	0.736674499	0.607825296	0.11183573	0.759329034	0.711229947	0.508474576	0	0.010861352
0.380045697	0.322354441	0.357142857	0.896184427	0.731913183	0.511715196	0.397815667	0.76085851	0.160427807	0.107344633	0.076070138	0.179353986
0.245239909	0.352634934	0.367248823	0.772604517	0.661591022	0.531847134	0.104161756	0.760007089	0.203208556	0.033898305	0.083235759	0.017567057
0.201827875	0.211432214	0.216149922	0.718682579	0.338532649	0.334736124	0.102904586	1	0.099821747	0.075329567	0.055901104	0.008877975
0.378522468	0.372821929	0.412087912	0.346192725	0.742641603	0.460759782	0.218930882	0.777605696	0.221033868	0.209039548	0.16122702	0.036267473
1	0.925308117	0.911499215	0.913278315	1	0.427320291	0.114166732	0.767839393	0.265597148	0.177024482	0	0.025311674
0.321401371	0.411070973	0.449372057	0.678037447	0.707441875	0.676751592	0.154527121	0.75799604	0.124777184	0.116760829	0.097732109	0.003966755
0.312261995	0.374628134	0.413755887	0.773102397	0.661915657	0.474977252	0.130902805	0.760558008	0.124777184	0.109227872	0.095764547	0.050623347
0.35262757	0.431789205	0.470565149	0.033523936	0.73771024	0.830527753	0.133783819	0.759941595	0.586452763	0.615819209	0.469555934	0.047412165
0.153084539	0.279749256	0.281593407	1	0.488946945	0.095313922	0.131400435	0.75367344	0.131907308	0.084745763	0.066865884	0.021344919
0.340441736	0.564067148	0.595565149	0.224468551	0.853404032	0.562215651	0.17521804	0.759575599	0.484848485	0.448210923	0.225319096	0.023989422
0.258187357	0.36719082	0.402864992	0.919509362	0.724724833	0.467470428	0.12218119	0.754513303	0.140819964	0.054613936	0.075922623	0.031639592
0.153846154	0.152996175	0.196428571	0	0.548633441	0.181073703	0.044550955	0.661026483	0.078431373	0.084745763	0.035729542	0
0.266565118	0.432532937	0.454081633	0.73897497	0.738606851	0.341674249	0.128886095	0.757379626	0.203208556	0.18079096	0.115156266	0.009916887
0.309977152	0.334572886	0.366954474	0.948763597	0.745006802	0.436646952	0.565674026	0.791948868	0.114081996	0.082862524	0.071186602	0.091235361
0.477532369	0.402571186	0.446428571	0.810503764	0.750139129	0.618516833	0.18959692	0.763713275	0.060606061	0.018832392	0.100531141	0.032206271
0.299314547	0.4100085	0.455259027	0.633816629	0.778552436	0.463375796	0.121343076	0.758269573	0.233511586	0.212806026	0.101030017	0
0.345011424	0.338504037	0.38883438	0.844404882	0.559222731	0.647861692	0.065032346	0.766752965	0.048128342	0.048964218	0.086459522	0.002644503
0.425742574	0.790161496	0.795525903	0.450113909	0.753323646	0.478844404	0.113931013	0.759282803	0.311942959	0.27306968	0.142574991	0.020306007
0.340441736	0.465257119	0.504317111	0.508411159	0.744434826	0.865673339	0.258426966	0.758912955	0.221033868	0.235404896	0.159910035	0.027483944
0.266565118	0.398958776	0.441130298	0.760655391	0.72659535	0.479413103	0.190173123	0.754039435	0.219251337	0.177024482	0.089531695	0.020022667
0.41355674	0.914683383	0.910518053	0.643653536	0.859587559	0.428343949	0.328016553	0.801268271	0.417112299	0.370998117	0.130176959	0.039289762
0.255140899	0.30801105	0.354199372	0.512711033	0.59021766	0.650818926	0.089520966	0.764541581	0.201426025	0.054613936	0.119621878	0.00273895
